01 14 19 13 15 10 08 19 18 03 07 14 17 12 06 15 04 02 09 09 20
14 02 15 09 13 14 16 03 05 07 09 01 04 10 08 06 15 03 07 06 12
19 15 03 05 04 02 11 06 14 15 02 16 14 02 16 19 13 10 06 08 09
13 09 05 04 09 01 21 18 07 12 10 08 03 01 03 20 05 07 11 17 05
15 13 04 09 05 11 01 12 08 06 20 17 16 10 16 09 18 07 17 21 03
10 14 02 01 11 06 12 18 13 11 09 01 20 08 14 13 21 17 03 07 04
08 16 11 21 01 12 07 15 21 08 12 14 20 15 12 19 04 08 02 04 13
19 03 06 18 12 18 15 08 19 16 03 10 01 16 12 15 11 19 07 03 00
18 05 14 07 08 13 21 19 09 02 05 06 07 01 05 01 20 04 16 13 00
03 07 15 12 06 11 08 16 02 10 18 06 18 12 12 03 21 12 03 16 05
07 09 02 10 20 09 12 03 05 18 11 15 05 18 04 06 13 16 20 18 17
14 01 16 08 17 01 14 10 06 06 15 12 15 06 08 14 08 19 02 19 00
17 04 14 03 16 20 20 01 07 18 05 15 13 19 14 11 10 09 12 06 18
12 10 02 01 10 08 15 16 01 12 18 06 19 14 13 08 20 16 06 03 00
06 08 16 03 16 14 12 12 05 12 04 08 14 13 15 01 11 20 11 02 10
15 06 19 20 09 13 19 15 01 03 06 14 11 08 01 16 02 12 08 10 07
04 15 13 05 18 21 04 11 20 21 13 08 10 20 11 02 17 14 10 05 19
02 03 10 07 07 17 08 19 04 12 16 19 09 16 20 12 14 18 15 21 11
09 07 06 11 17 03 02 07 16 03 20 02 12 06 11 08 10 15 19 04 01
09 06 08 17 21 07 04 03 13 16 18 19 06 03 02 10 05 21 04 20 14
20 12 09 05 03 04 13 06 17 05 17 11 18 02 10 07 19 11 01 14 21
